000000000000000
000000000000101
000000000100010
000000000100100
000000001100100
000000010100101
000001000001000
000001000010000
000001000100000
000001000100101
000001000110101
000001100101110
000011000010000
000011000110101
000101000001000
000101000010001
000101000100000
000101000100001
000101000100101
001001000010101
001001000110111
010000000110101
010000010001000
010000100010101
010001000101100
010001000110101
010001000111101
100000001000000
100000001100100
100000010000000
100000010100101
100000100000000
100000100000101
100001000000000
100001000000101
100001000001000
100001000100100
100001000100101
100001010001000
100001010010001
100001010100000
100001010100001
100001100010101
100001100100010
100001100100100
100001100101110
100101001001000
100101100100010
101001001010101
101001010001101
101001100010101
101001100100110
110001001011000
110001001110101
110001010110000
110001100110010
